1 0.966796
2 0.969246
3 0.987467
4 0.981382
5 0.977704
6 0.986277
7 0.983798
8 0.990816
10 0.986137
13 0.986366
17 0.985584
25 0.991333
50 0.995790
1 0.976845
2 0.965561
3 0.981344
4 0.980188
5 0.987190
6 0.990161
7 0.987833
8 0.984057
10 0.985359
13 0.987168
17 0.987186
25 0.989298
50 1.000000
1 0.957619
2 0.970680
3 0.985144
4 0.988940
5 0.979139
6 0.984050
7 0.987381
8 0.985359
10 0.988664
13 0.984922
17 0.992447
25 0.988038
50 1.000000
1 0.968777
2 0.956490
3 0.989770
4 0.983700
5 0.975030
6 0.987671
7 0.984209
8 0.983270
10 0.984840
13 0.986451
17 0.983688
25 0.992045
50 0.996562
1 0.928467
2 0.966160
3 0.984720
4 0.978391
5 0.989196
6 0.979238
7 0.989889
8 0.987501
10 0.987933
13 0.988146
17 0.986715
25 0.987256
50 1.000000
1 0.935926
2 0.961169
3 0.979173
4 0.989161
5 0.981003
6 0.980964
7 0.986408
8 0.986824
10 0.985400
13 0.987161
17 0.984493
25 0.987235
50 0.995800
1 0.939156
2 0.966063
3 0.966676
4 0.973205
5 0.982125
6 0.983725
7 0.985780
8 0.982289
10 0.985080
13 0.985114
17 0.989228
25 0.989301
50 1.000000
1 0.965017
2 0.978697
3 0.985095
4 0.985238
5 0.985133
6 0.986807
7 0.984798
8 0.985384
10 0.986197
13 0.989083
17 0.983756
25 0.991966
50 0.993053
1 0.961058
2 0.989187
3 0.976501
4 0.981637
5 0.987673
6 0.985727
7 0.986125
8 0.990863
10 0.988352
13 0.989050
17 0.981882
25 0.991064
50 0.995247
1 0.946308
2 0.956412
3 0.980310
4 0.982158
5 0.979647
6 0.980773
7 0.987607
8 0.987161
10 0.988587
13 0.988458
17 0.982191
25 0.993258
50 0.994674
1 0.932235
2 0.942885
3 0.991113
4 0.985964
5 0.983464
6 0.983892
7 0.989955
8 0.985125
10 0.989003
13 0.984302
17 0.985128
25 0.992040
50 0.994895
1 0.928706
2 0.977082
3 0.986881
4 0.978897
5 0.982419
6 0.985238
7 0.984965
8 0.983593
10 0.981574
13 0.987943
17 0.987878
25 0.987086
50 0.997671
1 0.960635
2 0.976238
3 0.989254
4 0.982505
5 0.988043
6 0.983260
7 0.985587
8 0.989027
10 0.990535
13 0.987441
17 0.989058
25 0.988986
50 0.995198
1 0.944222
2 0.973678
3 0.988271
4 0.987299
5 0.980532
6 0.986466
7 0.982175
8 0.982713
10 0.988806
13 0.981433
17 0.983485
25 0.992997
50 0.996113
1 0.961460
2 0.968149
3 0.981749
4 0.980423
5 0.982909
6 0.983086
7 0.981779
8 0.985945
10 0.985056
13 0.981969
17 0.985871
25 0.988662
50 1.000000
1 0.952932
2 0.974418
3 0.991308
4 0.986442
5 0.992142
6 0.981974
7 0.985186
8 0.986213
10 0.982602
13 0.983162
17 0.981882
25 0.990328
26 0.985538
9 0.980131
11 0.984706
12 0.989161
14 0.984075
15 0.987141
16 0.991403
18 0.987110
19 0.983895
20 0.986141
24 0.991458
23 0.988247
22 0.988917
21 0.987158
26 0.986912
9 0.994420
11 0.984151
12 0.987919
14 0.989287
15 0.990078
16 0.990708
18 0.984624
19 0.989183
20 0.985321
24 0.986077
23 0.985107
22 0.990530
21 0.990623
26 0.983749
9 0.987060
11 0.982321
12 0.985232
14 0.988797
15 0.985774
16 0.990075
18 0.988633
26 0.985745
26 0.985723
9 0.987807
9 0.984943
11 0.990807
11 0.986624
12 0.982842
12 0.985492
14 0.983974
14 0.988507
15 0.991542
15 0.985385
16 0.990281
16 0.985679
18 0.989570
18 0.985963
19 0.986173
19 0.984466
20 0.989075
20 0.983127
24 0.987830
24 0.985662
23 0.985404
23 0.987778
22 0.988009
22 0.985725
21 0.987050
21 0.986164
26 0.988334
26 0.989731
9 0.983243
9 0.988519
11 0.987403
11 0.986599
12 0.985202
12 0.987685
14 0.987110
14 0.985372
15 0.986270
15 0.989753
16 0.985450
16 0.985450
18 0.985497
18 0.983205
19 0.992640
19 0.985830
20 0.992839
20 0.985961
24 0.984471
24 0.990132
23 0.983863
23 0.987652
22 0.981503
22 0.988332
21 0.990188
21 0.992842
