1 0.949984
2 0.993641
3 0.987827
4 0.992686
5 0.997755
6 0.999495
7 0.998737
8 0.996672
9 0.995309
10 0.998161
1 0.951500
2 0.973848
3 0.990817
4 0.995636
5 0.995891
6 0.994993
7 0.994173
8 0.997721
9 0.997094
10 0.999224
1 0.977644
2 0.997696
3 0.979162
4 0.996420
5 0.999589
6 0.994684
7 0.997765
8 0.998299
9 0.994822
10 0.998767
1 0.973589
2 0.975646
3 0.990624
4 0.993488
5 0.997653
6 0.997323
7 0.996813
8 0.993676
9 0.995649
10 0.998503
1 0.964934
2 0.996346
3 0.998737
4 0.997965
5 0.996005
6 0.996411
7 0.999246
8 0.996788
9 0.993906
10 0.998889
1 0.957703
2 0.979739
3 0.984461
4 0.998571
5 0.997308
6 0.993931
7 0.996319
8 0.999314
9 0.998172
10 0.999632
1 0.965115
2 0.978521
3 0.995286
4 0.997073
5 0.998332
6 0.996041
7 0.997157
8 0.999289
9 0.995892
10 0.998189
1 0.956485
2 0.991256
3 0.989638
4 0.997050
5 0.996813
6 0.992665
7 0.997701
8 0.995787
9 0.998404
10 0.998720
1 0.951110
2 0.992731
3 0.997468
4 0.999262
5 0.997812
6 0.998568
7 0.998315
8 0.996141
9 0.998973
10 0.997566
1 0.985469
2 0.989057
3 0.990783
4 0.993097
5 0.996995
6 0.998771
7 0.997984
8 0.999245
9 0.996296
10 0.998869
1 0.979872
2 0.982917
3 0.996582
4 0.997644
5 0.999314
6 0.997214
7 0.999545
8 0.998683
9 0.994395
10 0.998869
1 0.966664
2 0.994074
3 0.991306
4 0.993830
5 0.996935
6 0.994925
7 0.998825
8 0.999660
9 0.998799
10 0.999133
1 0.993814
2 0.992046
3 0.986428
4 0.999160
5 0.996549
6 0.992424
7 0.998572
8 0.996389
9 0.995509
10 0.998518
1 0.964187
2 0.986698
3 0.997254
4 0.991523
5 0.997138
6 0.996620
7 0.998658
8 0.997828
9 0.999619
10 0.998177
1 0.962384
2 0.988671
3 0.986596
4 0.996228
5 0.998214
6 0.996395
7 0.993125
8 0.994250
9 0.997525
10 0.998679
1 0.955044
2 0.997346
3 0.992709
4 0.994651
5 0.998688
6 0.998352
7 0.997621
8 0.997862
9 0.996709
10 0.999558
1 0.959211
2 0.987581
3 0.994535
4 0.994270
5 0.997746
6 0.996948
7 0.999489
8 0.997750
9 0.996721
10 0.998629
1 0.945773
2 0.986206
3 0.990173
4 0.995549
5 0.998699
6 0.997769
7 0.993181
8 0.998560
9 0.999378
10 0.999339
1 0.950470
2 0.983885
3 0.991212
4 0.995314
5 0.999064
6 0.997387
7 0.994825
8 0.997395
9 0.996432
10 0.997970
1 0.960705
2 0.979975
3 0.997765
4 0.997153
5 0.997486
6 0.998935
7 0.995417
8 0.996036
9 0.993574
10 0.999480
11 0.998293
11 0.997885
11 0.998630
11 0.998921
11 0.997880
12 0.997501
12 0.998551
12 0.997499
12 0.999033
12 0.997591
14 1.000000
14 0.998513
14 0.998736
14 0.997879
14 0.997492
17 0.999796
17 0.998242
17 0.998266
17 0.999157
17 0.998116
20 0.999653
20 0.999451
20 0.999653
20 0.999451
20 0.999755
